%Previsao VTMP:925 VTMP:850 VTMP:500 PSNM:000 UMES:925 AGPL:925 ZGEO:850 ZGEO:500 ZGEO:250 UVEL:850 UVEL:500 UVEL:250 VVEL:850 VVEL:500 VVEL:250
      000    1.000    1.000    1.000    1.000    1.000    1.000    1.000    1.000    1.000    1.000    1.000    1.000    1.000    1.000    1.000
      006    0.999    0.999    1.000    0.995    0.998    0.997    0.998    1.000    1.000    0.994    0.995    0.990    0.972    0.982    0.983
      012    0.999    0.999    0.999    0.992    0.997    0.995    0.997    1.000    1.000    0.991    0.992    0.984    0.954    0.969    0.974
      018    0.998    0.998    0.999    0.987    0.995    0.993    0.996    0.999    1.000    0.989    0.990    0.977    0.940    0.956    0.965
      024    0.997    0.997    0.998    0.983    0.994    0.992    0.995    0.999    0.999    0.986    0.987    0.970    0.928    0.944    0.954
      030    0.997    0.996    0.998    0.977    0.993    0.990    0.993    0.999    0.999    0.983    0.984    0.961    0.912    0.930    0.942
      036    0.996    0.995    0.997    0.972    0.992    0.989    0.992    0.998    0.999    0.980    0.981    0.951    0.898    0.915    0.928
      042    0.995    0.995    0.996    0.965    0.991    0.987    0.990    0.998    0.999    0.976    0.978    0.943    0.880    0.899    0.915
      048    0.994    0.994    0.996    0.956    0.990    0.986    0.987    0.997    0.998    0.973    0.974    0.934    0.863    0.885    0.901
      054    0.994    0.993    0.995    0.947    0.989    0.985    0.985    0.997    0.998    0.968    0.971    0.923    0.844    0.871    0.886
      060    0.993    0.992    0.994    0.937    0.989    0.983    0.982    0.996    0.997    0.965    0.967    0.914    0.828    0.857    0.873
      066    0.992    0.991    0.993    0.927    0.988    0.982    0.978    0.995    0.997    0.961    0.963    0.906    0.814    0.842    0.859
      072    0.991    0.989    0.992    0.914    0.987    0.980    0.974    0.994    0.996    0.956    0.958    0.899    0.797    0.822    0.841
