%Previsao VTMP:925 VTMP:850 VTMP:500 PSNM:000 UMES:925 AGPL:925 ZGEO:850 ZGEO:500 ZGEO:250 UVEL:850 UVEL:500 UVEL:250 VVEL:850 VVEL:500 VVEL:250
      000    0.000    0.000    0.000    0.000    0.000    0.000    0.000    0.000    0.000    0.000    0.000    0.000    0.000    0.000    0.000
      006    0.897    0.747    0.484    1.031    0.000    1.645    7.315    9.084   12.435    1.625    1.914    2.740    1.600    1.761    2.787
      012    0.972    0.847    0.675    1.266    0.001    1.975    9.558   11.335   16.540    1.987    2.376    3.398    2.050    2.236    3.356
      018    1.284    1.132    0.868    1.543    0.001    2.308   11.122   14.315   20.823    2.234    2.685    3.979    2.336    2.639    3.925
      024    1.344    1.225    1.019    1.817    0.001    2.513   13.000   17.048   25.123    2.480    2.981    4.547    2.541    2.969    4.501
      030    1.566    1.444    1.169    2.078    0.001    2.759   14.761   19.523   29.109    2.735    3.328    5.128    2.808    3.322    4.997
      036    1.638    1.557    1.295    2.322    0.001    2.961   16.347   22.378   33.535    2.995    3.655    5.700    3.037    3.703    5.519
      042    1.802    1.737    1.428    2.629    0.001    3.179   18.630   26.159   38.329    3.252    3.953    6.183    3.325    4.094    6.032
      048    1.880    1.853    1.557    2.947    0.001    3.344   21.061   29.663   43.079    3.490    4.241    6.754    3.585    4.440    6.552
      054    2.039    2.013    1.688    3.290    0.001    3.521   23.773   33.513   48.348    3.764    4.522    7.330    3.870    4.767    7.061
      060    2.148    2.124    1.812    3.599    0.001    3.684   26.080   36.707   53.222    3.974    4.820    7.836    4.088    5.079    7.540
      066    2.293    2.267    1.940    3.865    0.001    3.852   28.135   39.922   57.702    4.212    5.127    8.295    4.282    5.410    8.018
      072    2.405    2.387    2.093    4.173    0.001    4.034   30.250   43.107   62.284    4.472    5.474    8.750    4.520    5.777    8.506
