%Previsao VTMP:925 VTMP:850 VTMP:500 PSNM:000 UMES:925 AGPL:925 ZGEO:850 ZGEO:500 ZGEO:250 UVEL:850 UVEL:500 UVEL:250 VVEL:850 VVEL:500 VVEL:250
      000    0.000    0.000    0.000    0.000    0.000    0.000    0.000    0.000    0.000    0.000    0.000    0.000    0.000    0.000    0.000
      006    0.160   -0.062   -0.056    0.023    0.000    0.138    0.678   -0.786   -1.224   -0.082    0.365   -0.097    0.100    0.014   -0.205
      012    0.293   -0.091   -0.168    0.085    0.000    0.234    1.654   -1.946   -3.293   -0.114    0.368    0.031    0.203   -0.120   -0.033
      018    0.392   -0.117   -0.267    0.041    0.000    0.289    1.560   -3.821   -6.062   -0.111    0.305    0.171    0.327   -0.090   -0.360
      024    0.448   -0.122   -0.324   -0.036    0.000    0.325    1.053   -5.405   -8.761   -0.007    0.314   -0.078    0.319   -0.002   -0.594
      030    0.466   -0.140   -0.349    0.016    0.000    0.350    1.534   -5.687   -9.809   -0.036    0.413   -0.189    0.201    0.016   -0.455
      036    0.463   -0.170   -0.367   -0.104    0.000    0.365    0.494   -7.434  -12.010   -0.158    0.423   -0.097    0.215   -0.006   -0.420
      042    0.450   -0.202   -0.374   -0.227    0.000    0.387   -0.609   -9.150  -13.977   -0.191    0.460   -0.049    0.355    0.012   -0.502
      048    0.442   -0.223   -0.394   -0.376    0.000    0.421   -1.915  -11.046  -16.356   -0.121    0.430   -0.122    0.454   -0.015   -0.519
      054    0.423   -0.250   -0.419   -0.548    0.000    0.463   -3.408  -13.106  -18.989   -0.053    0.356   -0.148    0.470    0.083   -0.385
      060    0.412   -0.276   -0.437   -0.627    0.000    0.513   -4.101  -14.197  -20.433   -0.055    0.378   -0.054    0.432    0.168   -0.311
      066    0.417   -0.290   -0.445   -0.690    0.000    0.570   -4.582  -14.926  -21.336   -0.078    0.431   -0.008    0.512    0.259   -0.222
      072    0.449   -0.279   -0.454   -0.728    0.000    0.630   -4.729  -15.216  -21.697   -0.054    0.497    0.056    0.580    0.263   -0.125
